precision: 0.708576998051
recall: 0.268067846608
f-score: 0.379893420046
accuracy: 0.847733333333
