NONE | PROD1 | PROD2 | ASP | PRED
precision: [0.8579504794618578, 0.5648648648648649, 0.5369261477045908, 0.4226415094339623, 0.6172161172161172]
recall: [0.9756673177083334, 0.24733727810650888, 0.2027128862094951, 0.09172809172809172, 0.28414839797639124]
f-score: [0.9130302337978827, 0.3440329218106996, 0.29431072210065645, 0.1507402422611036, 0.3891454965357967]
accuracy: [0.8477333333333333, 0.9468666666666666, 0.957, 0.9579333333333333, 0.9647333333333333]
